{"data": {
    "bat": 12.100000000000001, 
    "gear": 1, 
    "iat": 52, 
    "tps": 17, 
    "ect": 4, 
    "rpm": 4882, 
    "vss": 3, 
    "o2": 16.73498725761773, 
    "cam": 0, 
    "mil": false, 
    "fan": false, 
    "bksw": false, 
    "flr": false, 
    "eth": 0, 
    "scs": false, 
    "fmw": "10.00", 
    "map": 9.6, 
    "an0": 0.0, 
    "an1": 0.0, 
    "an2": 0.0, 
    "an3": 0.0, 
    "an4": 0.0, 
    "an5": 0.0, 
    "an6": 0.0, 
    "an7": 0.0, 
    "time": "17:24:44", 
    "odo": 371, 
    "style": "day", 
    "name": "S300", 
    "ver": "3.1.0"}
}
